6.402836383661659966e+03
4.679419110644187640e+03
2.623697160310211530e+03
2.347943796851557636e+03
1.701810270346384414e+03
1.550362213592362423e+03
1.365653167901681172e+03
1.275355026843134965e+03
1.104972935996188198e+03
8.449429041270469725e+02
8.215766975286346678e+02
7.206421854569200605e+02
6.471035432199430488e+02
6.254662846720665357e+02
5.945864250889970890e+02
5.406655444673949660e+02
5.179753360048111972e+02
5.098998196211965706e+02
4.931971499857945105e+02
4.774432111777958880e+02
4.180417522024167738e+02
4.067216520225284739e+02
3.871340088211064199e+02
3.319154737600324552e+02
3.278716574179881604e+02
3.154909921101103123e+02
3.148944479994338508e+02
2.938687558156707382e+02
2.800177327557943840e+02
2.571515261294607626e+02
2.552698077927735483e+02
2.499588607477363666e+02
2.368441466860406592e+02
2.267143288443865288e+02
2.166578293579793808e+02
2.005480131035236298e+02
1.917193622800276103e+02
1.891795462431322790e+02
1.796660392209770123e+02
1.727180988647976108e+02
1.687936311145747084e+02
1.657177784684753874e+02
1.553780491352357274e+02
1.523643115884769088e+02
1.480030309922301797e+02
1.473584661455159619e+02
1.331581449752685842e+02
1.295620839309926851e+02
1.239846275586199198e+02
1.213198980450109303e+02
1.186014451708390993e+02
1.113781442332863065e+02
1.100890407536306554e+02
1.066079746140523241e+02
1.039686582583302084e+02
1.027507869035681409e+02
9.878791186367267585e+01
9.341864541059334215e+01
9.134423633940180309e+01
8.809592908728807004e+01
8.376325370834847206e+01
8.171963768389345262e+01
7.986839820969100856e+01
7.798679123358517984e+01
7.638232089283141590e+01
7.369097609903762702e+01
7.248649815539742747e+01
6.970471717453402505e+01
6.946711569726733160e+01
6.523447047223970685e+01
6.485038344216768280e+01
6.335510789296684919e+01
6.116753190176185484e+01
5.961988053115214115e+01
5.873710579548195909e+01
5.555383424130123871e+01
5.505686087852197375e+01
5.242663905952900905e+01
5.152917501800924072e+01
5.036370937278358895e+01
4.873808093117613538e+01
4.718168978699226557e+01
4.486853710923636385e+01
4.313887859102986511e+01
4.202867475243478879e+01
4.123477355302679825e+01
4.017458539116184113e+01
3.933909230085895103e+01
3.812498979569903668e+01
3.686922155751619812e+01
3.629917059009877534e+01
3.532404052995240562e+01
3.446054969050767625e+01
3.383300828219402234e+01
3.283430284308467151e+01
3.163395750434291998e+01
3.088543351119970737e+01
2.997842176929828995e+01
2.909437774298053725e+01
2.825459428051689059e+01
2.796456553762805086e+01
2.683764979277264118e+01
2.583518402499325362e+01
2.517396235609330546e+01
2.478490708143800347e+01
2.349944407354480091e+01
2.252437441996537970e+01
2.217469732191354126e+01
2.094648755835278564e+01
2.026254998220385772e+01
1.936665244681309517e+01
1.784670007026658212e+01
3.365645181336009631e-24
