9.133015298744512620e+03
3.933308332023505955e+03
2.890979240176150597e+03
2.114426906467604113e+03
1.415365439801511684e+03
1.317068431089606520e+03
1.247566144951594652e+03
1.097849098352239025e+03
9.108187978121401329e+02
8.782970777176635693e+02
7.817367992066749594e+02
6.829379228485677231e+02
6.282817270776802161e+02
5.750344816300564617e+02
5.519911545700224451e+02
5.064336536261041033e+02
4.550062426851134774e+02
4.212987462480617182e+02
3.875043391668101549e+02
3.756168398665270729e+02
3.133193254425670489e+02
2.997535558716389232e+02
2.795289582627302707e+02
2.710078380817241737e+02
2.562645093243817769e+02
2.539643432316755138e+02
2.470735387335199675e+02
2.358073419162231517e+02
2.323035789926496761e+02
2.184692606173391312e+02
2.122129391813740256e+02
2.056896074844155180e+02
1.993475194529132750e+02
1.947000408208321005e+02
1.769216694575968631e+02
1.743623805805708287e+02
1.682763103843906549e+02
1.639351527371949260e+02
1.594647448557958285e+02
1.538145493300897613e+02
1.465700124977466601e+02
1.411749380269717165e+02
1.398487331517552832e+02
1.353541829611225467e+02
1.292641182926467707e+02
1.215414871346313817e+02
1.178098419192113937e+02
1.159814480516112809e+02
1.109937928842705475e+02
1.051820836612741914e+02
9.823104338368982269e+01
9.725323854745550989e+01
9.276937069491640386e+01
8.943356142677318132e+01
8.823561437740438862e+01
8.634685426952685816e+01
8.183429369151863852e+01
8.081986015735229500e+01
7.916603445403703176e+01
7.584911821610049287e+01
7.171260391504927156e+01
7.024559536589313780e+01
6.923502180874166356e+01
6.650558384611296958e+01
6.564097234296396266e+01
6.232261991505223619e+01
6.046734538319390140e+01
5.809586694283327546e+01
5.724973172249274711e+01
5.650487173295765331e+01
5.512784992657312699e+01
5.391783680010328084e+01
5.159287410341467250e+01
4.989781018552896086e+01
4.884821192774907672e+01
4.816019033874623290e+01
4.643174819069697179e+01
4.544964714415778673e+01
4.410113620345150309e+01
4.324489075042452413e+01
4.127512359091939942e+01
4.003201532490825798e+01
3.811169937707079214e+01
3.793175189336287190e+01
3.719943965245119699e+01
3.599874721146431966e+01
3.503775432599370987e+01
3.480446153952824062e+01
3.280810028670664735e+01
3.194937125977794778e+01
3.152419863759080343e+01
3.034218670676256124e+01
2.928089346672853210e+01
2.761789153442126832e+01
2.701991946837440395e+01
2.534238580517308037e+01
2.496642775948906845e+01
2.420491179522138836e+01
2.368709044416574017e+01
2.319631565762700376e+01
2.236163329832390900e+01
2.212825996752711433e+01
2.075703681772794695e+01
2.013474433910146644e+01
1.966104509550433477e+01
1.911905307102231077e+01
1.848090681619896358e+01
1.759696489121023077e+01
1.726197180559658761e+01
1.635989669566077254e+01
1.569047984347153069e+01
1.485896166819884634e+01
3.439541563385674759e-24
